Time    Ener
80      0.70
921     3.39
2281    0.91
5831    1.81
6095    0.88
7703    1.27
8205    1.10
8761    1.17
11010   9.61
11095   1.42
14201   1.01
22531   1.37
24843   0.97
25230   1.15
26825   1.00
29077   1.11
32363   3.02
33154   1.88
34269   2.22
36053   0.97
36575   1.52
37794   0.96
37957   1.17
38695   0.75
39144   0.96
44035   1.17
47217   5.14
47411   1.84
52374   1.05
55280   5.20
56128   0.88
56395   2.83
57130   1.31
62856   1.30
64165   0.86
65488   2.69
68183   0.90
69772   0.98
70774   4.20
73450   1.07
74638   2.86
76742   0.86
78884   1.79
80587   3.91
82983   0.98
83319   1.26
85276   1.42
87246   1.53
90748   1.58
90826   1.26
92519   1.09
95783   1.98
96248   1.84
100557  1.49
101544  1.10
101601  1.07
102069  1.23
102217  6.30
102543  1.45
102700  1.31
102914  0.94
103068  1.46
109120  1.82
109447  1.65
109771  2.13
109987  0.75
110236  1.76
110716  0.81
113829  0.79
114177  1.06
114834  2.56
115076  1.49
115761  0.99
115958  2.51
116207  0.76
116376  1.34
116521  1.38
116951  2.68
117353  1.92
117620  1.04
117730  1.57
118248  1.58
118421  0.47
119856  1.34
120387  2.29
120752  4.38
121738  3.79
121948  1.48
122046  1.87
122137  4.12
122561  1.72
123239  0.91
123406  1.98
123447  1.03
124169  1.40
124493  1.17
124502  1.07
124791  1.25
124986  1.27
125771  1.37
126063  0.98
126365  1.25
126581  0.89
126647  2.02
127059  1.61
127492  1.03
127605  0.99
127722  1.06
128246  1.61
128658  1.05
129886  1.68
130442  1.21
130630  1.16
130900  1.77
134908  1.68
135376  1.92
135609  0.87
136146  5.26
136749  1.32
142151  1.06
144488  1.01
145833  1.05
148543  1.21
150199  0.71
152463  1.46
152507  2.07
152617  0.87
152765  0.90
155780  1.86
157702  2.49
158089  1.32
158921  1.29
159019  1.04
161117  1.06
161277  1.48
161346  1.38
162436  0.94
166067  1.01
167531  1.50
169035  0.78
169145  1.67
171507  1.91
172343  1.91
176536  4.14
181304  2.96
181386  1.04
183481  0.84
183738  0.99
184809  1.03
186992  0.85
187335  1.25
187705  1.41
187834  1.11
188051  6.79
188111  1.28
189954  1.74
190664  1.39
190677  2.07
190937  3.73
191201  1.40
192087  2.05
192385  0.84
193098  2.73
195259  1.98
198554  1.47
198680  1.21
200791  2.10
201727  1.28
203866  0.73
204346  1.36
204946  1.64
205443  1.23
206061  1.13
206708  1.38
207456  1.70
209573  0.96
211382  1.13
213151  1.39
217856  1.05
221468  8.91
223648  0.82
224424  0.86
224785  1.51
225975  1.08
225982  1.83
228507  1.35
229553  0.71
229641  0.90
230957  0.94
231814  1.03
232810  0.99
233727  0.98
237204  1.95
237405  3.13
237660  2.50
238652  2.03
241055  1.30
241172  3.52
242419  1.28
242657  1.68
244316  1.44
250211  1.41
250651  0.86
255366  1.61
257338  1.01
257527  0.95
258023  1.17
258114  0.86
258334  1.06
259248  1.28
259622  1.56
265725  1.35
265756  1.69
266504  0.79
269780  1.05
272711  0.88
273958  0.89
275230  1.09
275648  1.95
276910  8.71
278120  1.00
280855  1.67
290756  1.05
291164  1.26
296143  1.01
297195  1.54
297632  1.89
300308  1.91
300383  1.30
301382  1.79
301404  0.82
302886  1.08
302940  1.22
304576  1.46
304702  0.84
304894  0.60
306728  0.82
307278  1.17
307890  0.90
308641  1.09
308788  1.29
310968  1.32
311546  0.85
311980  1.37
315202  1.04
316264  1.82
318350  1.82
318529  1.73
321905  1.09
322603  0.79
323416  1.62
323746  0.85
324867  1.39
325169  0.92
325533  1.95
326812  1.09
328439  0.80
330735  1.22
330879  1.96
335057  0.64
335321  1.05
335628  5.33
337962  0.95
338229  1.21
338527  0.94
338691  0.90
339994  1.36
340057  0.95
340085  0.87
343173  1.14
343965  1.30
344027  1.19
346628  1.40
346798  1.95
348598  1.12
350862  1.36
350881  1.31
351993  1.01
352540  1.13
352800  1.34
353564  1.40
354123  2.96
354255  0.51
354716  2.10
354898  2.43
356067  1.80
359959  1.37
359974  1.21
362233  0.89
366391  0.99
366611  0.77
366680  5.34
367092  1.29
368515  1.32
369058  1.60
369526  1.50
370503  1.10
370534  0.91
370638  1.43
372510  1.41
373484  1.06
373864  1.15
374580  1.46
375971  1.44
378315  1.41
378406  0.76
379719  0.64
380504  1.09
380714  1.99
381842  2.16
384286  1.20
385347  2.64
385486  1.20
385749  0.87
387606  1.32
388287  1.05
388306  0.89
389032  2.46
390222  1.42
392521  1.14
395056  1.03
396143  1.16
396215  1.42
396834  0.80
397415  0.77
398053  0.66
399036  1.00
399425  1.10
400123  0.53
402032  2.66
402456  1.41
403069  1.25
403195  0.91
404225  0.92
404938  0.93
405409  1.05
405488  6.14
406920  1.45
408710  1.08
410742  1.11
410865  0.82
411132  3.28
412137  1.97
412332  0.89
413337  0.83
413551  1.14
414257  2.66
415696  1.18
416974  0.91
418460  0.82
418469  2.30
419917  1.53
420093  1.49
420948  1.31
421246  1.08
422421  0.87
424085  0.89
424899  1.43
427041  1.98
427176  1.12
427625  0.90
428863  1.43
433860  1.00
437959  2.02
438025  1.37
442910  1.78
444998  0.97
445887  1.73
446104  1.45
446553  1.47
446572  4.05
446918  0.90
448604  2.04
450297  1.24
452361  1.34
452694  1.80
453017  1.14
459711  1.58
460685  1.44
464507  2.03
467777  2.01
470773  8.72
471282  0.99
471662  2.73
471867  0.88
472115  1.82
472558  1.82
472595  1.42
473318  0.96
473330  1.53
474141  2.09
474863  4.85
475149  1.21
475705  2.69
475711  1.14
475843  2.75
476094  1.17
476361  1.57
476741  5.91
476917  1.91
477869  4.20
477966  4.71
478243  1.35
478365  1.47
478585  0.77
478673  1.45
478742  3.06
479135  0.92
479345  2.31
479471  1.18
479845  1.03
480011  1.98
480134  2.09
480322  1.49
480630  1.51
480677  3.31
480781  1.67
480818  3.91
480982  4.91
481177  1.65
481214  2.55
481271  4.15
481286  2.84
481648  2.74
481924  1.48
481946  1.29
482091  0.85
482219  3.09
482508  0.92
482763  1.22
483071  1.25
483385  3.90
483435  0.89
483482  1.61
483922  0.93
483953  0.64
483963  1.54
484000  1.56
484226  0.85
484340  0.89
484358  0.89
484377  4.86
484588  0.88
484691  1.99
484776  1.53
484867  1.25
484892  1.18
484977  1.62
485181  0.89
485574  1.49
486676  0.62
486802  3.78
487258  0.95
487280  1.19
487697  1.16
487895  0.79
488410  1.89
488985  1.03
488994  1.37
489739  3.46
490144  1.17
490578  0.92
491859  1.77
492886  0.95
493122  1.68
493307  1.00
493502  1.14
493587  1.35
493932  1.01
494472  1.93
494523  1.85
494981  2.31
495716  1.07
495839  1.43
497013  1.24
498474  0.97
499228  2.20
500839  1.06
501540  0.99
502636  1.70
508918  0.91
509436  3.11
509857  1.59
510165  1.15
510972  1.19
511798  2.11
515282  1.90
516909  1.37
517330  1.29
517471  2.10
519428  0.74
520015  1.55
520411  0.73
526137  2.34
526159  1.29
527136  1.79
527554  1.11
533069  1.03
533873  1.64
536355  1.95
540366  0.93
542008  1.33
542995  0.93
547976  0.82
548982  6.50
549795  1.43
550671  1.97
551017  0.90
553153  1.33
555794  0.56
556727  1.44
556774  1.47
557126  1.04
559234  0.89
559485  1.23
561907  0.70
561932  0.93
562312  1.29
562560  0.67
562670  0.95
563754  0.90
566546  3.09
567372  1.29
568550  2.08
569643  3.83
571286  1.19
572589  2.96
573563  0.77
578328  1.23
578538  1.99
580992  0.82
582955  1.20
583589  1.56
589366  1.93
590085  0.81
591398  1.21
591960  1.60
593069  0.86
593122  1.44
594445  1.49
595575  1.43
597215  1.04
597353  2.74
598927  1.59
600356  1.64
600441  0.70
601782  1.66
602350  0.93
602941  0.95
605020  1.11
605027  1.98
605912  2.34
606556  1.23
609019  1.12
609528  1.60
611730  1.50
622739  0.79
623483  1.68
623549  2.04
624426  1.31
627168  1.67
628251  0.65
628424  2.33
629750  1.26
631641  2.19
633836  0.73
635014  1.82
635067  3.26
639179  1.14
644418  1.07
647889  2.68
648479  1.04
648530  2.04
649155  1.21
652723  1.83
652754  1.05
653596  1.59
654520  3.94
655503  1.56
659599  1.84
659602  1.82
663707  0.76
665187  1.09
667674  0.97
667721  1.11
670259  1.89
671745  0.96
671981  1.48
675222  1.24
676557  3.58
676629  1.26
676859  1.23
678310  2.07
679601  3.44
679814  1.30
680012  1.03
680461  1.69
680738  2.31
680936  0.98
682446  0.46
683301  1.78
684884  1.18
685628  6.76
689972  2.74
692001  1.46
692887  1.26
693578  1.02
693735  1.10
697906  1.58
698990  1.56
700045  2.51
702715  0.85
702828  1.01
703064  2.37
704989  1.09
705944  1.92
706450  1.15
709701  2.18
715958  1.23
716388  1.33
718141  1.48
719645  2.48
719862  1.27
721558  4.21
723694  1.79
728396  2.01
729442  0.92
729624  3.75
731211  2.73
738985  1.18
739066  0.81
742204  1.13
745879  1.13
748269  1.01
749981  3.45
751172  1.00
753471  1.18
755060  5.77
756665  1.27
757542  2.75
757953  4.74
760161  1.27
762592  2.11
763390  3.86
764728  2.14
767788  1.90
768868  2.14
769321  0.92
770458  0.47
772326  2.76
773451  1.31
776730  1.02
778517  0.95
844915  1.98
850704  4.65
858899  1.84
864527  1.68
864581  0.91
864744  3.36
865331  1.36
868586  1.67
869515  1.41
812230  1.85
813063  0.81
814501  2.70
818245  3.83
820086  0.77
820186  1.45
821528  2.27
830266  1.60
834553  1.54
836777  1.18
839268  0.89
839522  2.91
840691  2.01
842689  1.43
843037  2.68
844733  0.87
